145	1	15304
2	1	1626880
19	1	450819
19	2	176498
16	2	53308
120	1	6672
160	1	52386
2	2	419617
11	2	90788
10	1	230400
9	1	266539
9	2	83141
14	2	20906
999	1	423556
11	1	272984
3	2	15393
18	1	39278
112	1	4412
6	1	1631
10	2	70102
999	2	75234
2	5	522
16	1	163131
14	1	59190
42	1	12845
3	1	43968
36	1	14322
160	2	11901
28	1	9881
31	1	1701
33	1	26402
999	4	23806
19	4	22594
145	2	2871
104	1	12288
2	4	41732
83	1	16558
103	1	15103
87	1	23725
67	1	13874
34	1	32320
34	2	9624
84	1	15184
47	1	8492
1	1	10296
157	2	4051
9	4	16328
17	1	10925
166	1	4915
10	4	9813
149	1	2878
187	6	6
159	1	1867
18	2	8442
14	4	3642
111	1	3429
132	1	6597
40	1	18558
13	1	889
36	2	2652
37	1	23776
119	1	939
41	1	3977
33	2	11088
157	1	19423
25	1	11459
17	2	2782
156	1	7527
19	6	1041
8	1	1296
39	1	2278
18	4	1459
142	1	3320
118	1	6268
999	6	1446
132	2	1700
2	6	5247
142	2	820
16	4	3405
11	4	3156
3	4	2334
87	2	4193
26	1	1210
181	1	1007
132	4	406
999	0	4602
12	1	2704
37	2	4426
48	1	96
112	2	630
1	2	2978
40	4	626
146	1	131
40	2	4189
26	2	379
87	6	125
41	2	1028
51	1	476
25	2	2120
2	0	472
166	2	914
45	2	305
14	7	10
36	4	313
118	2	1128
111	2	473
186	1	439
27	1	267
84	2	599
62	1	500
160	4	1504
87	4	525
149	2	1172
11	6	613
37	4	588
159	2	335
167	1	125
79	1	57
999	5	393
104	2	575
47	2	1588
120	2	1301
44	1	315
6	2	665
145	4	349
12	2	740
28	2	2656
157	4	532
47	4	296
178	1	24
52	2	44
156	6	478
10	6	693
155	1	1111
165	1	424
38	2	38
16	6	514
32	2	60
38	1	358
9	6	715
25	4	259
24	1	540
42	2	2233
20	1	232
120	4	229
133	1	153
161	1	123
28	4	346
145	6	141
42	4	425
1	4	536
160	6	325
45	1	797
32	1	424
148	1	236
165	2	70
34	4	874
17	4	591
44	2	121
52	4	7
33	4	579
39	6	20
103	2	669
67	2	569
8	2	334
187	1	366
27	2	49
118	4	237
41	4	118
130	1	79
24	2	222
11	0	94
5	1	13
50	1	71
171	1	206
14	6	210
140	2	43
145	0	8
155	2	303
40	6	118
48	2	85
156	2	27
11	7	23
18	6	247
52	1	219
118	6	35
1	6	17
142	4	79
39	2	393
999	7	27
157	6	142
96	1	28
134	2	55
43	2	35
159	4	82
19	5	50
46	1	177
12	4	204
13	2	127
187	2	97
83	2	637
66	1	83
130	2	7
37	6	171
132	6	24
59	1	11
10	0	104
134	1	75
140	1	245
23	1	62
47	6	36
163	2	26
60	1	76
142	6	132
51	2	34
181	6	15
18	5	9
3	6	169
96	2	16
62	2	57
181	4	43
37	0	7
81	1	31
25	6	45
175	1	31
181	2	342
150	4	14
166	6	56
2	7	168
33	5	3
180	1	6
163	1	34
50	2	16
20	2	36
131	1	70
17	6	47
160	0	57
99999	6	23
32	6	35
19	0	187
46	4	8
136	1	79
40	5	8
9	7	12
8	4	44
40	0	14
31	2	292
148	2	71
24	4	6
133	2	28
16	0	42
150	2	30
6	4	41
30	2	5
48	4	8
39	4	39
45	4	27
20	4	11
13	4	16
164	1	79
34	0	9
26	4	28
135	2	35
135	1	78
8	6	14
87	0	13
3	0	24
11	5	34
137	1	31
177	2	29
167	2	17
150	1	127
34	6	110
16	5	14
140	4	3
165	6	14
43	1	34
161	2	8
42	6	55
166	4	74
149	4	118
79	2	34
186	2	56
36	6	48
9	0	68
35	1	10
10	5	21
14	0	46
30	1	6
165	4	3
33	0	11
38	4	3
33	6	75
28	6	22
164	2	41
119	2	124
37	7	1
61	1	9
170	1	13
80	1	57
18	0	12
155	4	52
171	2	21
186	6	13
62	4	25
146	2	28
9	5	30
160	5	7
157	5	13
99999	1	25
31	4	42
143	1	1
119	4	24
14	5	14
149	5	1
3	7	1
41	0	1
148	4	16
161	4	16
6	6	8
132	0	3
18	7	4
16	7	11
160	7	7
80	2	1
10	7	15
48	6	1
155	6	3
166	0	5
35	2	2
44	4	5
146	4	3
171	4	10
120	5	5
136	4	2
34	7	3
41	6	5
50	6	4
134	4	1
23	6	1
31	6	6
120	6	11
111	4	3
145	5	2
19	7	13
157	0	4
42	0	3
157	7	5
133	4	2
44	6	3
105	1	3
26	6	3
1	0	2
51	4	3
28	5	1
6	0	1
28	0	3
87	7	2
159	6	1
135	4	1
81	2	7
142	0	1
36	0	1
177	1	5
149	6	4
166	5	2
46	2	3
62	6	10
17	0	2
120	0	5
175	2	1
25	0	1
26	7	1
12	0	3
70	1	7
49	1	3
137	4	2
187	4	2
159	0	4
42	5	1
165	7	1
45	6	3
60	2	2
34	5	3
186	4	1
13	7	1
55	1	6
12	6	2
40	7	2
33	7	2
13	6	1
177	6	1
145	7	2
66	2	1
118	7	1
37	5	1
170	4	2
171	6	3
8	0	1
3	5	1
186	0	1
131	2	1
118	5	1
118	0	1
27	6	1
181	0	1
12	5	1
